histogram
1
histogram
  0.89
  1.23
  0.99
  0.90
  1.00
  0.84
  0.77
  0.93
  1.00
  0.80
  1.15
  0.72
  1.30
  0.96
  0.91
  1.19
  0.96
  1.00
  0.91
  1.03
  1.25
  0.66
  1.16
  1.01
  1.25
  0.77
  0.83
  0.89
  1.05
  1.10
  0.92
  1.05
  1.06
  0.84
  0.66
  1.02
  1.29
  0.77
  1.05
  0.96
  1.16
  1.15
  0.99
  0.80
  0.90
  1.23
  1.01
  0.92
  0.90
  1.05
  1.01
  0.80
  0.96
  0.86
  0.78
  1.44
  0.89
  1.07
  0.54
  1.04
  0.88
  0.91
  0.74
  1.08
  0.80
  0.78
  0.82
  1.08
  0.88
  1.20
  0.64
  0.64
  0.97
  0.96
  0.79
  1.12
  1.03
  1.25
  1.26
  0.75
  0.70
  0.83
  0.91
  0.92
  0.96
  1.37
  1.03
  1.08
  1.22
  0.75
  0.64
  0.58
  0.96
  0.92
  0.70
  0.99
  0.87
  0.89
  1.21
  0.89
